0
1
2
3,14,20,23,25,26,30,31,32,40,55,58,63,67,70,77,78,79,82,83,84,85,89,93,97,102,110,111,114,115,116,122,129,130,137,140,146,149,152,170,172,191,197,201,207,211,215,217,219,220,225,228,233,234,238,239,240,253,255,257,262,264,265,267,269,272,273,283,285,291,294,305,306,317,318,319,321
4
5,48,92,161,236,256,276,307,311
6
7
8,71,118
9,22,49,51,101,138,139,163,173,174,179,185,198,243,248,258,266,275
10
11,56,81
12,18,27,29,39,59,65,66,72,75,88,90,99,103,107,108,124,131,132,143,156,164,165,171,175,176,182,184,188,195,212,216,224,226,231,241,245,246,249,251,254,260,263,271,278,286,287,288,290,295,299,300,302,303,304,312,314,320,322
13
15,21,155
16
17,37,45,50,52,53,57,61,64,68,69,73,87,96,100,104,106,109,112,119,120,121,126,127,136,144,147,151,153,154,157,158,167,168,169,177,180,186,189,190,193,194,196,199,200,202,203,204,205,206,209,210,213,214,218,221,222,223,229,230,232,235,237,242,244,250,252,261,268,270,274,279,280,282,284,289,292,297,308,310,313,315,316,323
19,38,105,113,117,125,128,134,145,148,160,162,178,181,192,208,247,277,281,293,309
24,28,44,76,95,159,183,298
33
34
35
36
41
42
43
46
47
54
60
62
74,86
80
91
94
98
123
133
135
141
142
150
166
187
227,259,296,301
