0,217,246
1,114,315
2,257
3,4,181
5,12,157,262,266
6,37,185,272
7,26,168,290,317
8,210,301
9,244,264
10,29,280,297
11,14,104
13,41,238
15,25,136,287,307
16,156,232
17,243,245,267,321
18,141,205
19,31,198
20,22,33,92
21,27,316
23,98,143,192
24,145,186,187,197
28,32
30,282
34,40,51,289
35,126,305
36,216,255
38,44,60,188
39,49,207,221
42,55,57,62,64,311
43,119,247,309,314
45,199
46,66,235,248,249,253,268
47,53,195,225
48,128,149,196
50,63,78,202
52,67,69,240,251
54,58,80
56,180,252,263,294
59,115,200,320
61,184
65,189,254
68,129,298
70,261,271,284
71,277,323
72,108,219,276
73,227,303
74,82
75,190,201
76,111,226
77,84,127,304
79,87,160,203
81,83,85,292
86,91,93,95,274
88
89,213
90,101,132,211
94,130,204
96,295,306,308
97
99,106
100,273,299
102,144
103
105,112,233
107,242,256,285
109,139,209,313
110,152
113,122,134,148,318
116,162,223,286
117,169,260
118,133,142,177,258
120,167,222,288
121,151,170,300
123,138,158,218
124,147,173,220
125,137,164
131,229
135,171,215,278
140,146,193
150,191
153,166,175,236,275
154
155,172,182,259,269
159,212,230,319
161,214
163,206,208,224,322
165,174,279
176
178,194,239
179,241,293,310
183
228,250,296
231,234,237,270
265,291,312
281,283,302
