0,46,70,276,290,296
1,104,146
2,74,198
3,99,169,201
4,78,123,147,192
5,8,77,82,135
6,56,61,109,119,217,305
7,30,257,287
9,72,85,232,280
10,25,143,235,265,275
11,152,180,215
12,221,254
13,286,291,317
14,241,260,292
15,23,175,204,236
16,88,228,230
17,84,231,234,284
18,68,243,307
19,26,160,203
20,33,48,66,209
21,24,62,69,73
22,71,87
27,81,83,89,313
28,118,156,321
29,97,185
31,117,196
32,94,167
34,63,91,226
35,126,141,310
36,139,208
37,44,122,148,318
38,55,92,100,237
39,67,116,127
40,53,162,182
41,96,240,306
42,52,60,65
43,112,128,285
45,138,222,225
47,176,193,272
49,102,155,195
50,130,131,188,266
51,106,239
54,58,59,174,250
57,249,253
64,298,311,319
75,125,133,134,207
76,121,132,154,183
79,80,158,187,251
86,93,101,110,302
90,95,103,170,256
98,299,320
105,111,213,267
107,159,264
108,181,323
113,150,151,178
114,171,206,314
115,202,245
120,288,303
124,149,161,165
129,247,297,304
136,191,227
137,168,216
140,166,199,322
142,210,259
144,145,163,205,229
153,173,184,200,238
157,164,218,293
172,224,244
177,312
179,194,252,258,262
186,197,300
189,211,246
190,212,255
214,219,281
220,223,309
233,269,315
242,248,263,295
261,268,271,273
270,282
274
277,316
278
279,283
289,301
294
308
